SM:2026-01-02T04:57:38.4435605Z
LM:2026-01-02T04:57:40.7150600Z
CT:image/jpeg
MA:2592000
CL:32227
