SM:2026-01-02T04:57:38.4460559Z
LM:2026-01-02T05:00:34.6768876Z
CT:image/jpeg
MA:2592000
CL:9919
