SM:2026-01-02T04:57:38.4389797Z
LM:2026-01-02T04:57:40.7150661Z
CT:image/jpeg
MA:2592000
CL:23718
