SM:2026-01-02T04:57:38.4404569Z
LM:2026-01-02T05:00:34.2987558Z
CT:image/jpeg
MA:2592000
CL:8966
