SM:2026-01-02T04:57:38.4509593Z
LM:2026-01-02T04:57:40.9957731Z
CT:image/jpeg
MA:2592000
CL:19583
