SM:2026-01-02T04:57:38.4533141Z
LM:2026-01-02T05:00:34.9719331Z
CT:image/jpeg
MA:2592000
CL:18260
