SM:2026-01-02T04:57:38.4449975Z
LM:2026-01-02T04:57:41.2861957Z
CT:image/jpeg
MA:2592000
CL:21661
