SM:2026-01-02T04:57:38.4435605Z
LM:2026-01-02T04:57:41.2871180Z
CT:image/jpeg
MA:2592000
CL:30696
