SM:2026-01-02T04:57:38.4293975Z
LM:2026-01-02T05:00:34.5128284Z
CT:image/jpeg
MA:2592000
CL:13911
