SM:2026-01-02T04:57:38.4307780Z
LM:2026-01-02T04:57:40.8635672Z
CT:image/jpeg
MA:2592000
CL:13487
