SM:2026-01-02T04:57:38.4307780Z
LM:2026-01-02T05:00:34.6696657Z
CT:image/jpeg
MA:2592000
CL:24278
