SM:2026-01-02T04:57:38.4435605Z
LM:2026-01-02T05:00:34.2993881Z
CT:image/jpeg
MA:2592000
CL:8300
