SM:2026-01-02T04:57:38.4460559Z
LM:2026-01-02T04:57:40.7150865Z
CT:image/jpeg
MA:2592000
CL:39622
