SM:2026-01-02T04:57:38.4246397Z
LM:2026-01-02T05:00:34.3324803Z
CT:image/jpeg
MA:2592000
CL:26525
