SM:2026-01-02T04:57:38.4318766Z
LM:2026-01-02T05:00:34.6692980Z
CT:image/jpeg
MA:2592000
CL:21978
