SM:2026-01-02T04:57:38.4485700Z
LM:2026-01-02T04:57:40.9945787Z
CT:image/jpeg
MA:2592000
CL:13019
