SM:2026-01-02T04:57:38.4460559Z
LM:2026-01-02T04:57:41.4187458Z
CT:image/jpeg
MA:2592000
CL:36866
