SM:2026-01-02T04:57:38.4404569Z
LM:2026-01-02T04:57:40.7150892Z
CT:image/jpeg
MA:2592000
CL:38126
