SM:2026-01-02T04:57:38.4293975Z
LM:2026-01-02T04:57:40.8635346Z
CT:image/jpeg
MA:2592000
CL:8504
