SM:2026-01-02T04:57:38.4318766Z
LM:2026-01-02T04:57:40.8653671Z
CT:image/jpeg
MA:2592000
CL:12153
