SM:2026-01-02T04:57:38.4425545Z
LM:2026-01-02T04:57:40.7169952Z
CT:image/jpeg
MA:2592000
CL:23637
