SM:2026-01-02T04:57:38.4246397Z
LM:2026-01-02T04:57:40.8637189Z
CT:image/jpeg
MA:2592000
CL:14965
